00000000300302000010000002000200003002000000200200
20000000000030000300000000000000000000000022000000
00000100003000000000000003000000230000000100000020
30000000000001000202002000000003302002002000000200
00320000000000300000010020100000030000000003001000
00000000000020023200000020022003000000012010201000
00120000000000000000012002020010023000300000000000
03000002002011000302000220000003000200000200000000
30003200003000000000000000000000002002030000200000
00330003000000000200000000020001030000300300030020
03000000002000000002000000003000000000030030330003
00000000000000000000001000300003000000003000000203
03020200000000002100000000020300000000200030303203
30030003200000000300001000000030010203303003003330
20223030030003000000100000303000000002032020030033
33320000000003000020002003202030100000030003030002
02230333001020330300300000000000000000003030000030
03003100000000300003000000000303010000200300233333
03323002000003030000000220000000000030030030030302
33300000000330020300000000020300030200033002003302
30032000000030000000000300200000000302200020010330
00030203000003303000000020030302000000300033003330
30002002003003303000010000030000030000003000030200
03023000000330300300000020300000000203000000303033
20000000020002000330200003010002033000000133303030
03020001030300323003000000302200030020000300030333
20032030030333030300000030000023303003303030330002
30020303030303030330003000000033030033030303232003
32200033333030003000300002000023300002303020330330
10030033030003000000300300030002003030300303030003
03002000303010000020000000000300000100001003003302
30033320030302003000330010000000000000030000003303
03000030003030200030000000232010000000003030030330
20000302330300032000000000000000000000300330333032
30230000300003000002000000000000000203000000000303
03030003033000300000300000200010000000003033030030
00020333333031000003000300030000303000300003330030
20030030220000000000002000000000000000000030120300
02022330300300010000300003000300000000300020033020
30030003330030310000000203202000002202000300003003
00002230033033000000020030300233000000000300030020
03300000033230000000313200030000030000000000003320
02030003330000000000003200000002000000000020300000
20000003002330000000000030300000000000000030030310
00001020303000230020002300000000020200200000000200
01000000320300000000000002000003000001000000000000
00000030300300000000000000000000200000012200000100
00000001000000000230000300000033100000000220000020
00022002000000001030030020300300200202000000000003
01000002300001000200000000300000000000000000200000
